# This is a final TEA output file with calculated abundances (mixing fractions) for all listed species.
# Units: pressure (bar), temperature (K), abundance (unitless).

#SPECIES
H_g C_g O_g H2_ref He_ref CO_g CO2_g CH4_g H2O_g CH_g CH2_g CH3_g C2H2_g OH_g H2CO_g HCO_g O2_ref 

#TEADATA
#Pressure  Temp    H_g        C_g        O_g        H2_ref     He_ref     CO_g       CO2_g      CH4_g      H2O_g      CH_g       CH2_g      CH3_g      C2H2_g     OH_g       H2CO_g     HCO_g      O2_ref     
 1.000e-04  2500.0 8.0093e-01 3.8667e-12 2.5125e-04 1.0121e-01 9.7246e-02 2.7856e-04 1.3137e-08 2.9743e-19 2.9255e-05 1.7824e-14 8.5736e-16 5.6375e-17 6.6304e-21 4.9130e-05 1.6681e-15 3.1061e-12 3.0037e-08 
 1.389e-04  2500.0 7.6975e-01 3.1160e-12 2.3031e-04 1.2985e-01 9.9779e-02 2.8581e-04 1.7162e-08 7.6113e-19 4.7786e-05 1.9174e-14 1.2312e-15 1.0807e-16 1.0658e-20 6.0117e-05 3.0499e-15 4.2543e-12 3.5055e-08 
 1.931e-04  2500.0 7.3293e-01 2.6086e-12 2.0382e-04 1.6366e-01 1.0277e-01 2.9437e-04 2.1747e-08 1.9563e-18 7.4100e-05 2.1248e-14 1.8060e-15 2.0985e-16 1.8195e-20 7.0424e-05 5.5042e-15 5.8002e-12 3.8168e-08 
 2.683e-04  2500.0 6.9102e-01 2.2811e-12 1.7330e-04 2.0214e-01 1.0617e-01 3.0412e-04 2.6543e-08 5.0380e-18 1.0813e-04 2.4341e-14 2.7102e-15 4.1252e-16 3.3175e-20 7.8445e-05 9.7586e-15 7.8498e-12 3.8343e-08 
 3.728e-04  2500.0 6.4482e-01 2.0837e-12 1.4136e-04 2.4456e-01 1.0993e-01 3.1487e-04 3.1148e-08 1.3006e-17 1.4827e-04 2.8829e-14 4.1620e-15 8.2139e-16 6.4664e-20 8.2965e-05 1.6985e-14 1.0538e-11 3.5449e-08 
 5.179e-04  2500.0 5.9555e-01 1.9801e-12 1.1098e-04 2.8981e-01 1.1393e-01 3.2633e-04 3.5207e-08 3.3496e-17 1.9163e-04 3.5150e-14 6.5110e-15 1.6487e-15 1.3354e-19 8.3570e-05 2.8980e-14 1.4013e-11 3.0352e-08 
 7.197e-04  2500.0 5.4451e-01 1.9427e-12 8.4364e-05 3.3667e-01 1.1808e-01 3.3820e-04 3.8545e-08 8.5644e-17 2.3517e-04 4.3816e-14 1.0312e-14 3.3177e-15 2.8836e-19 8.0716e-05 4.8485e-14 1.8452e-11 2.4373e-08 
 1.000e-03  2500.0 4.9320e-01 1.9506e-12 6.2602e-05 3.8379e-01 1.2224e-01 3.5014e-04 4.1144e-08 2.1575e-16 2.7640e-04 5.5370e-14 1.6401e-14 6.6408e-15 6.3985e-19 7.5380e-05 7.9507e-14 2.4042e-11 1.8648e-08 
 1.389e-03  2500.0 4.4293e-01 1.9884e-12 4.5691e-05 4.2995e-01 1.2633e-01 3.6183e-04 4.3104e-08 5.3251e-16 3.1391e-04 7.0407e-14 2.6015e-14 1.3140e-14 1.4370e-18 6.8629e-05 1.2785e-13 3.0992e-11 1.3798e-08 
 1.931e-03  2500.0 3.9458e-01 2.0445e-12 3.2957e-05 4.7435e-01 1.3025e-01 3.7307e-04 4.4566e-08 1.2881e-15 3.4728e-04 8.9658e-14 4.1027e-14 2.5664e-14 3.2396e-18 6.1306e-05 2.0219e-13 3.9575e-11 9.9796e-09 
 2.683e-03  2500.0 3.4916e-01 2.1105e-12 2.3629e-05 5.1607e-01 1.3394e-01 3.8364e-04 4.5653e-08 3.0382e-15 3.7638e-04 1.1379e-13 6.4018e-14 4.9235e-14 7.2500e-18 5.4042e-05 3.1428e-13 5.0034e-11 7.1279e-09 
 3.728e-03  2500.0 3.0709e-01 2.1804e-12 1.6880e-05 5.5469e-01 1.3735e-01 3.9342e-04 4.6472e-08 7.0011e-15 4.0158e-04 1.4366e-13 9.8776e-14 9.2838e-14 1.6058e-17 4.7181e-05 4.8135e-13 6.2705e-11 5.0545e-09 
 5.179e-03  2500.0 2.6870e-01 2.2501e-12 1.2042e-05 5.8995e-01 1.4047e-01 4.0235e-04 4.7098e-08 1.5773e-14 4.2325e-04 1.8021e-13 1.5061e-13 1.7207e-13 3.5103e-17 4.0910e-05 7.2734e-13 7.7949e-11 3.5731e-09 
 7.197e-03  2500.0 2.3401e-01 2.3172e-12 8.5830e-06 6.2181e-01 1.4329e-01 4.1041e-04 4.7587e-08 3.4846e-14 4.4188e-04 2.2460e-13 2.2718e-13 3.1410e-13 7.5772e-17 3.5291e-05 1.0867e-12 9.6229e-11 2.5227e-09 
 1.000e-02  2500.0 2.0301e-01 2.3799e-12 6.1200e-06 6.5027e-01 1.4580e-01 4.1762e-04 4.7975e-08 7.5566e-14 4.5783e-04 2.7807e-13 3.3903e-13 5.6507e-13 1.6137e-16 3.0333e-05 1.6067e-12 1.1803e-10 1.7822e-09 
 1.389e-02  2500.0 1.7556e-01 2.4373e-12 4.3679e-06 6.7548e-01 1.4803e-01 4.2400e-04 4.8286e-08 1.6111e-13 4.7147e-04 3.4208e-13 5.0098e-13 1.0030e-12 3.3922e-16 2.6005e-05 2.3537e-12 1.4395e-10 1.2610e-09 
 1.931e-02  2500.0 1.5133e-01 2.4894e-12 3.1171e-06 6.9773e-01 1.5000e-01 4.2963e-04 4.8541e-08 3.3932e-13 4.8315e-04 4.1867e-13 7.3478e-13 1.7628e-12 7.0642e-16 2.2239e-05 3.4248e-12 1.7479e-10 8.9275e-10 
 2.683e-02  2500.0 1.3016e-01 2.5358e-12 2.2276e-06 7.1718e-01 1.5171e-01 4.3455e-04 4.8751e-08 7.0499e-13 4.9311e-04 5.0966e-13 1.0689e-12 3.0646e-12 1.4545e-15 1.8993e-05 4.9472e-12 2.1127e-10 6.3350e-10 
 3.728e-02  2500.0 1.1172e-01 2.5768e-12 1.5932e-06 7.3411e-01 1.5321e-01 4.3884e-04 4.8926e-08 1.4493e-12 5.0161e-04 6.1767e-13 1.5450e-12 5.2826e-12 2.9684e-15 1.6200e-05 7.1059e-12 2.5445e-10 4.5026e-10 
 5.179e-02  2500.0 9.5728e-02 2.6129e-12 1.1406e-06 7.4880e-01 1.5451e-01 4.4256e-04 4.9071e-08 2.9507e-12 5.0886e-04 7.4555e-13 2.2199e-12 9.0352e-12 6.0080e-15 1.3806e-05 1.0154e-11 3.0546e-10 3.2059e-10 
 7.197e-02  2500.0 8.1892e-02 2.6444e-12 8.1689e-07 7.6150e-01 1.5563e-01 4.4578e-04 4.9194e-08 5.9643e-12 5.1504e-04 8.9700e-13 3.1750e-12 1.5363e-11 1.2086e-14 1.1754e-05 1.4455e-11 3.6577e-10 2.2852e-10 
 1.000e-01  2500.0 6.9971e-02 2.6718e-12 5.8551e-07 7.7245e-01 1.5660e-01 4.4855e-04 4.9297e-08 1.1971e-11 5.2031e-04 1.0759e-12 4.5214e-12 2.5972e-11 2.4161e-14 1.0002e-05 2.0500e-11 4.3694e-10 1.6312e-10 
 1.389e-01  2500.0 5.9730e-02 2.6955e-12 4.2004e-07 7.8186e-01 1.5743e-01 4.5093e-04 4.9384e-08 2.3871e-11 5.2478e-04 1.2871e-12 6.4130e-12 4.3680e-11 4.8022e-14 8.5080e-06 2.8974e-11 5.2084e-10 1.1661e-10 
 1.931e-01  2500.0 5.0920e-02 2.7160e-12 3.0123e-07 7.8995e-01 1.5815e-01 4.5297e-04 4.9457e-08 4.7453e-11 5.2860e-04 1.5370e-12 9.0761e-12 7.3265e-11 9.5202e-14 7.2311e-06 4.0881e-11 6.2008e-10 8.3370e-11 
 2.683e-01  2500.0 4.3387e-02 2.7336e-12 2.1623e-07 7.9686e-01 1.5876e-01 4.5473e-04 4.9519e-08 9.3826e-11 5.3185e-04 1.8314e-12 1.2804e-11 1.2236e-10 1.8781e-13 6.1454e-06 5.7521e-11 7.3694e-10 5.9692e-11 
 3.728e-01  2500.0 3.6944e-02 2.7487e-12 1.5528e-07 8.0278e-01 1.5928e-01 4.5622e-04 4.9572e-08 1.8486e-10 5.3461e-04 2.1788e-12 1.8022e-11 2.0377e-10 3.6935e-13 5.2211e-06 8.0784e-11 8.7477e-10 4.2769e-11 
 5.179e-01  2500.0 3.1443e-02 2.7616e-12 1.1156e-07 8.0783e-01 1.5973e-01 4.5750e-04 4.9617e-08 3.6298e-10 5.3695e-04 2.5882e-12 2.5312e-11 3.3839e-10 7.2406e-13 4.4352e-06 1.1325e-10 1.0372e-09 3.0669e-11 
 7.197e-01  2500.0 2.6744e-02 2.7727e-12 8.0149e-08 8.1215e-01 1.6011e-01 4.5859e-04 4.9654e-08 7.1131e-10 5.3894e-04 3.0715e-12 3.5505e-11 5.6103e-10 1.4170e-12 3.7663e-06 1.5859e-10 1.2289e-09 2.1998e-11 
 1.000e+00  2500.0 2.2739e-02 2.7822e-12 5.7604e-08 8.1583e-01 1.6043e-01 4.5952e-04 4.9686e-08 1.3905e-09 5.4064e-04 3.6411e-12 4.9725e-11 9.2829e-10 2.7669e-12 3.1979e-06 2.2181e-10 1.4547e-09 1.5789e-11 
 1.389e+00  2500.0 1.9331e-02 2.7902e-12 4.1423e-08 8.1895e-01 1.6071e-01 4.6031e-04 4.9713e-08 2.7111e-09 5.4207e-04 4.3119e-12 6.9534e-11 1.5328e-09 5.3898e-12 2.7154e-06 3.0980e-10 1.7207e-09 1.1340e-11 
 1.931e+00  2500.0 1.6422e-02 2.7971e-12 2.9766e-08 8.2163e-01 1.6094e-01 4.6098e-04 4.9736e-08 5.2869e-09 5.4330e-04 5.1049e-12 9.7220e-11 2.5310e-09 1.0502e-11 2.3045e-06 4.3273e-10 2.0351e-09 8.1410e-12 
 2.683e+00  2500.0 1.3951e-02 2.8029e-12 2.1405e-08 8.2390e-01 1.6115e-01 4.6155e-04 4.9756e-08 1.0284e-08 5.4434e-04 6.0381e-12 1.3573e-10 4.1711e-09 2.0415e-11 1.9561e-06 6.0365e-10 2.4052e-09 5.8494e-12 
 3.728e+00  2500.0 1.1849e-02 2.8077e-12 1.5394e-08 8.2583e-01 1.6132e-01 4.6203e-04 4.9772e-08 1.9983e-08 5.4524e-04 7.1382e-12 1.8937e-10 6.8676e-09 3.9645e-11 1.6602e-06 8.4160e-10 2.8414e-09 4.2038e-12 
 5.179e+00  2500.0 1.0063e-02 2.8117e-12 1.1075e-08 8.2747e-01 1.6146e-01 4.6242e-04 4.9786e-08 3.8774e-08 5.4601e-04 8.4338e-12 2.6397e-10 1.1295e-08 7.6881e-11 1.4092e-06 1.1725e-09 3.3552e-09 3.0226e-12 
 7.197e+00  2500.0 8.5437e-03 2.8148e-12 7.9661e-09 8.2886e-01 1.6158e-01 4.6273e-04 4.9797e-08 7.5214e-08 5.4669e-04 9.9614e-12 3.6786e-10 1.8570e-08 1.4905e-10 1.1959e-06 1.6332e-09 3.9612e-09 2.1731e-12 
 1.000e+01  2500.0 7.2532e-03 2.8170e-12 5.7315e-09 8.3005e-01 1.6169e-01 4.6294e-04 4.9806e-08 1.4574e-07 5.4731e-04 1.1759e-11 5.1225e-10 3.0503e-08 2.8860e-10 1.0149e-06 2.2735e-09 4.6748e-09 1.5631e-12 
 1.389e+01  2500.0 6.1581e-03 2.8178e-12 4.1260e-09 8.3105e-01 1.6178e-01 4.6304e-04 4.9811e-08 2.8194e-07 5.4792e-04 1.3872e-11 7.1259e-10 5.0039e-08 5.5782e-10 8.6162e-07 3.1624e-09 5.5140e-09 1.1251e-12 
 1.931e+01  2500.0 5.2255e-03 2.8167e-12 2.9686e-09 8.3191e-01 1.6185e-01 4.6296e-04 4.9814e-08 5.4580e-07 5.4861e-04 1.6358e-11 9.9127e-10 8.2116e-08 1.0783e-09 7.3130e-07 4.4002e-09 6.5035e-09 8.0968e-13 
 2.683e+01  2500.0 4.4350e-03 2.8123e-12 2.1381e-09 8.3263e-01 1.6192e-01 4.6257e-04 4.9810e-08 1.0539e-06 5.4950e-04 1.9259e-11 1.3763e-09 1.3445e-07 2.0770e-09 6.2114e-07 6.1141e-09 7.6630e-09 5.8362e-13 
 3.728e+01  2500.0 3.7638e-03 2.8019e-12 1.5414e-09 8.3325e-01 1.6197e-01 4.6166e-04 4.9797e-08 2.0302e-06 5.5084e-04 2.2627e-11 1.9068e-09 2.1965e-07 3.9836e-09 5.2804e-07 8.4849e-09 9.0184e-09 4.2146e-13 
 5.179e+01  2500.0 3.1943e-03 2.7809e-12 1.1134e-09 8.3377e-01 1.6202e-01 4.5978e-04 4.9765e-08 3.8936e-06 5.5309e-04 2.6478e-11 2.6307e-09 3.5730e-07 7.5778e-09 4.4969e-07 1.1747e-08 1.0590e-08 3.0548e-13 
 7.197e+01  2500.0 2.7105e-03 2.7407e-12 8.0652e-10 8.3421e-01 1.6206e-01 4.5613e-04 4.9698e-08 7.4180e-06 5.5705e-04 3.0770e-11 3.6048e-09 5.7730e-07 1.4221e-08 3.8410e-07 1.6203e-08 1.2388e-08 2.2275e-13 
 1.000e+02  2500.0 2.2999e-03 2.6671e-12 5.8756e-10 8.3458e-01 1.6210e-01 4.4933e-04 4.9556e-08 1.3949e-05 5.6413e-04 3.5304e-11 4.8764e-09 9.2075e-07 2.6012e-08 3.2992e-07 2.2187e-08 1.4387e-08 1.6427e-13 
 1.389e+02  2500.0 1.9518e-03 2.5399e-12 4.3216e-10 8.3488e-01 1.6213e-01 4.3716e-04 4.9256e-08 2.5648e-05 5.7653e-04 3.9631e-11 6.4527e-09 1.4362e-06 4.5530e-08 2.8604e-07 2.9994e-08 1.6500e-08 1.2343e-13 
 1.931e+02  2500.0 1.6556e-03 2.3358e-12 3.2203e-10 8.3512e-01 1.6216e-01 4.1648e-04 4.8613e-08 4.5613e-05 5.9743e-04 4.2979e-11 8.2522e-09 2.1659e-06 7.4445e-08 2.5135e-07 3.9737e-08 1.8537e-08 9.5283e-14 
 2.683e+02  2500.0 1.4047e-03 2.0432e-12 2.4436e-10 8.3531e-01 1.6219e-01 3.8410e-04 4.7268e-08 7.7062e-05 6.3002e-04 4.4321e-11 1.0032e-08 3.1040e-06 1.0999e-07 2.2484e-07 5.0931e-08 2.0154e-08 7.6229e-14 
 3.728e+02  2500.0 1.1918e-03 1.6756e-12 1.8874e-10 8.3545e-01 1.6222e-01 3.3806e-04 4.4649e-08 1.2205e-04 6.7627e-04 4.2847e-11 1.1433e-08 4.1703e-06 1.4284e-07 2.0473e-07 6.2295e-08 2.0911e-08 6.3192e-14 
 5.179e+02  2500.0 1.0112e-03 1.2761e-12 1.4761e-10 8.3553e-01 1.6225e-01 2.7971e-04 4.0139e-08 1.7942e-04 7.3484e-04 3.8461e-11 1.2097e-08 5.2010e-06 1.5989e-07 1.8873e-07 7.1614e-08 2.0394e-08 5.3696e-14 
 7.197e+02  2500.0 8.5783e-04 8.9842e-13 1.1568e-10 8.3559e-01 1.6229e-01 2.1447e-04 3.3517e-08 2.4398e-04 8.0032e-04 3.1923e-11 1.1836e-08 5.9993e-06 1.5307e-07 1.7436e-07 7.6311e-08 1.8434e-08 4.5827e-14 
 1.000e+03  2500.0 7.2776e-04 5.8590e-13 8.9879e-11 8.3562e-01 1.6232e-01 1.5099e-04 2.5474e-08 3.0720e-04 8.6403e-04 2.4540e-11 1.0726e-08 6.4083e-06 1.2569e-07 1.5969e-07 7.4652e-08 1.5298e-08 3.8438e-14 
