# This is a final TEA output file with calculated abundances (mixing fractions) for all listed species.
# Units: pressure (bar), temperature (K), abundance (unitless).

#SPECIES
H_g C_g O_g H2_ref He_ref CO_g CO2_g CH4_g H2O_g CH_g CH2_g CH3_g C2H2_g OH_g H2CO_g HCO_g O2_ref 

#TEADATA
#Pressure  Temp    H_g        C_g        O_g        H2_ref     He_ref     CO_g       CO2_g      CH4_g      H2O_g      CH_g       CH2_g      CH3_g      C2H2_g     OH_g       H2CO_g     HCO_g      O2_ref     
 1.000e-04   800.0 2.6667e-10 3.4656e-38 2.7488e-26 8.3671e-01 1.6228e-01 4.6341e-04 1.2940e-06 1.5540e-07 5.4906e-04 1.8854e-34 6.5554e-26 8.6552e-16 3.6721e-18 5.9057e-17 7.7143e-14 2.7345e-18 1.1701e-29 
 1.389e-04   800.0 2.2626e-10 3.4636e-38 1.9795e-26 8.3671e-01 1.6228e-01 4.6327e-04 1.2940e-06 2.9964e-07 5.4920e-04 2.2208e-34 9.1002e-26 1.4161e-15 7.0765e-18 5.0123e-17 1.0712e-13 3.2218e-18 8.4288e-30 
 1.931e-04   800.0 1.9190e-10 3.4598e-38 1.4246e-26 8.3671e-01 1.6228e-01 4.6299e-04 1.2939e-06 5.7846e-07 5.4948e-04 2.6155e-34 1.2637e-25 2.3186e-15 1.3646e-17 4.2532e-17 1.4883e-13 3.7964e-18 6.0692e-30 
 2.683e-04   800.0 1.6280e-10 3.4524e-38 1.0263e-26 8.3671e-01 1.6228e-01 4.6246e-04 1.2936e-06 1.1144e-06 5.5002e-04 3.0765e-34 1.7521e-25 3.7892e-15 2.6232e-17 3.6118e-17 2.0655e-13 4.4698e-18 4.3766e-30 
 3.728e-04   800.0 1.3811e-10 3.4383e-38 7.4002e-27 8.3671e-01 1.6228e-01 4.6143e-04 1.2932e-06 2.1427e-06 5.5105e-04 3.6116e-34 2.4246e-25 6.1809e-15 5.0233e-17 3.0698e-17 2.8636e-13 5.2572e-18 3.1616e-30 
 5.179e-04   800.0 1.1718e-10 3.4115e-38 5.3459e-27 8.3670e-01 1.6228e-01 4.5947e-04 1.2923e-06 4.1030e-06 5.5301e-04 4.2237e-34 3.3420e-25 1.0042e-14 9.5442e-17 2.6138e-17 3.9612e-13 6.1701e-18 2.2921e-30 
 7.197e-04   800.0 9.9400e-11 3.3615e-38 3.8728e-27 8.3670e-01 1.6228e-01 4.5577e-04 1.2905e-06 7.8071e-06 5.5672e-04 4.9060e-34 4.5761e-25 1.6209e-14 1.7894e-16 2.2321e-17 5.4603e-13 7.2149e-18 1.6716e-30 
 1.000e-03   800.0 8.4326e-11 3.2706e-38 2.8216e-27 8.3669e-01 1.6228e-01 4.4892e-04 1.2868e-06 1.4665e-05 5.6359e-04 5.6266e-34 6.1864e-25 2.5829e-14 3.2704e-16 1.9170e-17 7.4729e-13 8.3769e-18 1.2330e-30 
 1.389e-03   800.0 7.1549e-11 3.1134e-38 2.0758e-27 8.3667e-01 1.6229e-01 4.3668e-04 1.2790e-06 2.6932e-05 5.7588e-04 6.3125e-34 8.1798e-25 4.0250e-14 5.7176e-16 1.6620e-17 1.0096e-12 9.6032e-18 9.2683e-31 
 1.931e-03   800.0 6.0682e-11 2.8607e-38 1.5474e-27 8.3665e-01 1.6229e-01 4.1582e-04 1.2622e-06 4.7822e-05 5.9681e-04 6.8386e-34 1.0448e-24 6.0617e-14 9.3287e-16 1.4609e-17 1.3365e-12 1.0782e-17 7.1608e-31 
 2.683e-03   800.0 5.1479e-11 2.4979e-38 1.1751e-27 8.3660e-01 1.6230e-01 3.8310e-04 1.2270e-06 8.0607e-05 6.2966e-04 7.0386e-34 1.2675e-24 8.6682e-14 1.3731e-15 1.3076e-17 1.7108e-12 1.1709e-17 5.7374e-31 
 3.728e-03   800.0 4.3670e-11 2.0427e-38 9.0857e-28 8.3654e-01 1.6232e-01 3.3658e-04 1.1581e-06 1.2725e-04 6.7642e-04 6.7846e-34 1.4402e-24 1.1609e-13 1.7727e-15 1.1917e-17 2.0883e-12 1.2125e-17 4.7659e-31 
 5.179e-03   800.0 3.7049e-11 1.5497e-38 7.1133e-28 8.3646e-01 1.6234e-01 2.7772e-04 1.0394e-06 1.8627e-04 7.3563e-04 6.0664e-34 1.5177e-24 1.4419e-13 1.9689e-15 1.0997e-17 2.3936e-12 1.1792e-17 4.0583e-31 
 7.197e-03   800.0 3.1427e-11 1.0862e-38 5.5790e-28 8.3637e-01 1.6236e-01 2.1216e-04 8.6536e-07 2.5207e-04 8.0168e-04 5.0121e-34 1.4781e-24 1.6553e-13 1.8677e-15 1.0166e-17 2.5408e-12 1.0618e-17 3.4690e-31 
 1.000e-02   800.0 2.6660e-11 7.0499e-39 4.3362e-28 8.3629e-01 1.6238e-01 1.4871e-04 6.5504e-07 3.1580e-04 8.6568e-04 3.8344e-34 1.3328e-24 1.7594e-13 1.5188e-15 9.3137e-18 2.4742e-12 8.7727e-18 2.9118e-31 
 1.389e-02   800.0 2.2620e-11 4.2713e-39 3.3152e-28 8.3622e-01 1.6240e-01 9.5679e-05 4.4757e-07 3.6908e-04 9.1923e-04 2.7378e-34 1.1216e-24 1.7448e-13 1.0755e-15 8.3918e-18 2.2110e-12 6.6520e-18 2.3641e-31 
 1.931e-02   800.0 1.9184e-11 2.4429e-39 2.4861e-28 8.3617e-01 1.6241e-01 5.7049e-05 2.7822e-07 4.0791e-04 9.5828e-04 1.8462e-34 8.9171e-25 1.6355e-13 6.7990e-16 7.4199e-18 1.8326e-12 4.6764e-18 1.8483e-31 
 2.683e-02   800.0 1.6274e-11 1.3431e-39 1.8363e-28 8.3613e-01 1.6242e-01 3.2189e-05 1.6111e-07 4.3291e-04 9.8343e-04 1.1964e-34 6.8114e-25 1.4726e-13 3.9672e-16 6.4600e-18 1.4367e-12 3.1102e-18 1.4011e-31 
 3.728e-02   800.0 1.3806e-11 7.1941e-40 1.3416e-28 8.3611e-01 1.6242e-01 1.7503e-05 8.8928e-08 4.4769e-04 9.9829e-04 7.5541e-35 5.0695e-25 1.2919e-13 2.1976e-16 5.5632e-18 1.0854e-12 1.9935e-18 1.0391e-31 
 5.179e-02   800.0 1.1713e-11 3.7964e-40 9.7374e-29 8.3610e-01 1.6243e-01 9.3133e-06 4.7712e-08 4.5593e-04 1.0066e-03 4.6985e-35 3.7164e-25 1.1163e-13 1.1810e-16 4.7592e-18 8.0234e-13 1.2502e-18 7.6047e-32 
 7.197e-02   800.0 9.9365e-12 1.9851e-40 7.0383e-29 8.3610e-01 1.6243e-01 4.8915e-06 2.5171e-08 4.6037e-04 1.0111e-03 2.8961e-35 2.7004e-25 9.5616e-14 6.2359e-17 4.0552e-18 5.8560e-13 7.7406e-19 5.5212e-32 
 1.000e-01   800.0 8.4296e-12 1.0335e-40 5.0773e-29 8.3609e-01 1.6243e-01 2.5526e-06 1.3166e-08 4.6273e-04 1.0134e-03 1.7773e-35 1.9534e-25 8.1531e-14 3.2631e-17 3.4483e-18 4.2461e-13 4.7614e-19 3.9923e-32 
 1.389e-01   800.0 7.1525e-12 5.3710e-41 3.6599e-29 8.3609e-01 1.6243e-01 1.3282e-06 6.8591e-09 4.6396e-04 1.0147e-03 1.0886e-35 1.4101e-25 6.9363e-14 1.7004e-17 2.9294e-18 3.0688e-13 2.9199e-19 2.8813e-32 
 1.931e-01   800.0 6.0662e-12 2.7829e-41 2.6343e-29 8.3609e-01 1.6243e-01 6.8863e-07 3.5585e-09 4.6460e-04 1.0153e-03 6.6504e-36 1.0157e-25 5.8910e-14 8.8224e-18 2.4861e-18 2.2119e-13 1.7850e-19 2.0752e-32 
 2.683e-01   800.0 5.1463e-12 1.4426e-41 1.8966e-29 8.3609e-01 1.6243e-01 3.5708e-07 1.8458e-09 4.6494e-04 1.0156e-03 4.0635e-36 7.3156e-26 5.0013e-14 4.5765e-18 2.1098e-18 1.5936e-13 1.0910e-19 1.4945e-32 
 3.728e-01   800.0 4.3658e-12 7.4745e-42 1.3652e-29 8.3609e-01 1.6243e-01 1.8505e-07 9.5672e-10 4.6511e-04 1.0158e-03 2.4819e-36 5.2669e-26 4.2444e-14 2.3722e-18 1.7902e-18 1.1475e-13 6.6647e-20 1.0760e-32 
 5.179e-01   800.0 3.7041e-12 3.8737e-42 9.8278e-30 8.3609e-01 1.6243e-01 9.5912e-08 4.9592e-10 4.6520e-04 1.0159e-03 1.5160e-36 3.7920e-26 3.6018e-14 1.2296e-18 1.5190e-18 8.2627e-14 4.0714e-20 7.7466e-33 
 7.197e-01   800.0 3.1422e-12 2.0061e-42 7.0725e-30 8.3609e-01 1.6243e-01 4.9673e-08 2.5685e-10 4.6524e-04 1.0160e-03 9.2554e-37 2.7290e-26 3.0557e-14 6.3687e-19 1.2886e-18 5.9468e-14 2.4857e-20 5.5750e-33 
 1.000e+00   800.0 2.6657e-12 1.0392e-42 5.0902e-30 8.3609e-01 1.6243e-01 2.5731e-08 1.3305e-10 4.6527e-04 1.0160e-03 5.6513e-37 1.9642e-26 2.5924e-14 3.2991e-19 1.0932e-18 4.2802e-14 1.5178e-20 4.0125e-33 
 1.389e+00   800.0 2.2618e-12 5.3863e-43 3.6647e-30 8.3609e-01 1.6243e-01 1.3337e-08 6.8968e-11 4.6528e-04 1.0160e-03 3.4523e-37 1.4141e-26 2.1997e-14 1.7101e-19 9.2758e-19 3.0816e-14 9.2721e-21 2.8888e-33 
 1.931e+00   800.0 1.9183e-12 2.7870e-43 2.6361e-30 8.3609e-01 1.6243e-01 6.9012e-09 3.5686e-11 4.6529e-04 1.0160e-03 2.1062e-37 1.0172e-26 1.8656e-14 8.8485e-20 7.8671e-19 2.2167e-14 5.6567e-21 2.0780e-33 
 2.683e+00   800.0 1.6274e-12 1.4437e-43 1.8972e-30 8.3609e-01 1.6243e-01 3.5748e-09 1.8485e-11 4.6529e-04 1.0160e-03 1.2860e-37 7.3212e-27 1.5828e-14 4.5835e-20 6.6742e-19 1.5954e-14 3.4539e-21 1.4956e-33 
 3.728e+00   800.0 1.3806e-12 7.4775e-44 1.3654e-30 8.3609e-01 1.6243e-01 1.8516e-09 9.5745e-12 4.6529e-04 1.0160e-03 7.8515e-38 5.2690e-27 1.3427e-14 2.3741e-20 5.6620e-19 1.1482e-14 2.1088e-21 1.0764e-33 
 5.179e+00   800.0 1.1713e-12 3.8745e-44 9.8287e-31 8.3609e-01 1.6243e-01 9.5941e-10 4.9611e-12 4.6529e-04 1.0160e-03 4.7951e-38 3.7928e-27 1.1392e-14 1.2301e-20 4.8038e-19 8.2652e-15 1.2879e-21 7.7480e-34 
 7.197e+00   800.0 9.9364e-13 2.0063e-44 7.0728e-31 8.3609e-01 1.6243e-01 4.9681e-10 2.5690e-12 4.6529e-04 1.0160e-03 2.9271e-38 2.7293e-27 9.6639e-15 6.3701e-21 4.0751e-19 5.9477e-15 7.8618e-22 5.5755e-34 
 1.000e+01   800.0 8.4296e-13 1.0392e-44 5.0903e-31 8.3609e-01 1.6243e-01 2.5733e-10 1.3307e-12 4.6529e-04 1.0160e-03 1.7872e-38 1.9643e-27 8.1984e-15 3.2995e-21 3.4571e-19 4.2806e-15 4.8001e-22 4.0127e-34 
 1.389e+01   800.0 7.1525e-13 5.3865e-45 3.6647e-31 8.3609e-01 1.6243e-01 1.3338e-10 6.8971e-13 4.6529e-04 1.0160e-03 1.0917e-38 1.4142e-27 6.9563e-15 1.7102e-21 2.9333e-19 3.0818e-15 2.9322e-22 2.8889e-34 
 1.931e+01   800.0 6.0662e-13 2.7871e-45 2.6361e-31 8.3609e-01 1.6243e-01 6.9013e-11 3.5687e-13 4.6529e-04 1.0160e-03 6.6603e-39 1.0172e-27 5.8998e-15 8.8488e-22 2.4878e-19 2.2168e-15 1.7889e-22 2.0780e-34 
 2.683e+01   800.0 5.1463e-13 1.4437e-45 1.8972e-31 8.3609e-01 1.6243e-01 3.5748e-11 1.8486e-13 4.6529e-04 1.0160e-03 4.0667e-39 7.3212e-28 5.0051e-15 4.5836e-22 2.1106e-19 1.5954e-15 1.0922e-22 1.4956e-34 
 3.728e+01   800.0 4.3658e-13 7.4775e-46 1.3654e-31 8.3609e-01 1.6243e-01 1.8516e-11 9.5746e-14 4.6529e-04 1.0160e-03 2.4829e-39 5.2690e-28 4.2461e-15 2.3741e-22 1.7905e-19 1.1482e-15 6.6686e-23 1.0764e-34 
 5.179e+01   800.0 3.7041e-13 3.8745e-46 9.8287e-32 8.3609e-01 1.6243e-01 9.5941e-12 4.9611e-14 4.6529e-04 1.0160e-03 1.5164e-39 3.7928e-28 3.6025e-15 1.2301e-22 1.5191e-19 8.2652e-16 4.0727e-23 7.7480e-35 
 7.197e+01   800.0 3.1422e-13 2.0064e-46 7.0728e-32 8.3609e-01 1.6243e-01 4.9681e-12 2.5690e-14 4.6529e-04 1.0160e-03 9.2564e-40 2.7293e-28 3.0560e-15 6.3701e-23 1.2886e-19 5.9477e-16 2.4861e-23 5.5755e-35 
 1.000e+02   800.0 2.6657e-13 1.0392e-46 5.0903e-32 8.3609e-01 1.6243e-01 2.5733e-12 1.3307e-14 4.6529e-04 1.0160e-03 5.6516e-40 1.9643e-28 2.5926e-15 3.2995e-23 1.0932e-19 4.2806e-16 1.5179e-23 4.0127e-35 
 1.389e+02   800.0 2.2618e-13 5.3865e-47 3.6647e-32 8.3609e-01 1.6243e-01 1.3338e-12 6.8971e-15 4.6529e-04 1.0160e-03 3.4524e-40 1.4142e-28 2.1998e-15 1.7102e-23 9.2760e-20 3.0818e-16 9.2724e-24 2.8889e-35 
 1.931e+02   800.0 1.9183e-13 2.7871e-47 2.6361e-32 8.3609e-01 1.6243e-01 6.9013e-13 3.5687e-15 4.6529e-04 1.0160e-03 2.1062e-40 1.0172e-28 1.8657e-15 8.8488e-24 7.8672e-20 2.2168e-16 5.6568e-24 2.0780e-35 
 2.683e+02   800.0 1.6274e-13 1.4437e-47 1.8972e-32 8.3609e-01 1.6243e-01 3.5748e-13 1.8486e-15 4.6529e-04 1.0160e-03 1.2860e-40 7.3212e-29 1.5828e-15 4.5836e-24 6.6742e-20 1.5954e-16 3.4540e-24 1.4956e-35 
 3.728e+02   800.0 1.3806e-13 7.4775e-48 1.3654e-32 8.3609e-01 1.6243e-01 1.8516e-13 9.5746e-16 4.6529e-04 1.0160e-03 7.8516e-41 5.2690e-29 1.3427e-15 2.3741e-24 5.6620e-20 1.1482e-16 2.1088e-24 1.0764e-35 
 5.179e+02   800.0 1.1713e-13 3.8745e-48 9.8287e-33 8.3609e-01 1.6243e-01 9.5941e-14 4.9611e-16 4.6529e-04 1.0160e-03 4.7951e-41 3.7928e-29 1.1392e-15 1.2301e-24 4.8038e-20 8.2652e-17 1.2879e-24 7.7480e-36 
 7.197e+02   800.0 9.9364e-14 2.0064e-48 7.0728e-33 8.3609e-01 1.6243e-01 4.9681e-14 2.5690e-16 4.6529e-04 1.0160e-03 2.9271e-41 2.7293e-29 9.6639e-16 6.3701e-25 4.0751e-20 5.9477e-17 7.8618e-25 5.5755e-36 
 1.000e+03   800.0 8.4296e-14 1.0392e-48 5.0903e-33 8.3609e-01 1.6243e-01 2.5733e-14 1.3307e-16 4.6529e-04 1.0160e-03 1.7872e-41 1.9643e-29 8.1984e-16 3.2995e-25 3.4571e-20 4.2806e-17 4.8001e-25 4.0127e-36 
